-1.579225,
-1.586597,
-1.435421,
-1.582010,
-1.583523,
-1.785281,
-1.828267,
-2.062239,
-2.403481,
-2.422100,
-2.161876,
-1.955474,
-1.901107,
-2.164894,
-2.322216,
-2.611514,
-2.524230,
-2.591201,
-2.625018,
-2.402248,
-2.814232,
-2.953030,
-3.359461,
-3.324774,
-3.134686,
-3.205485,
-3.142585,
-3.352377,
-3.280952,
-3.270747,
-3.352286,
-3.567986,
-3.605080,
-3.730382,
-3.884314,
-3.961155,
-3.905327,
-3.759867,
-3.849410,
-4.018927,
-3.959079,
-3.920895,
-3.873546,
-3.813799,
-3.350909,
-3.340785,
-2.868373,
-2.713211,
-2.508382,
-2.551896,
-2.512930,
-2.396437,
-2.691439,
-2.601149,
-2.753673,
-3.340966,
-3.342351,
-3.449947,
-3.449104,
-3.973228,
-4.125296,
-4.376900,
-4.042541,
-3.818478,
-3.937794,
-4.000258,
-3.758248,
-3.477216,
-3.555286,
-3.501364,
-3.546078,
-4.166073,
-3.256092,
-3.859599,
-4.052938,
-4.075523,
-3.251786,
-3.173703,
-2.524232,
-2.844548,
-3.400994,
-4.064225,
-3.966549,
-3.835440,
-3.600573,
-1.945039,
-1.955952,
-2.484211,
-2.566468,
-3.254073,
50.503803,
50.463639,
50.406175,
50.198241,
50.116936,
49.932718,
49.837046,
49.569177,
49.475130,
49.465284,
48.533940,
48.436965,
48.379483,
48.272908,
48.131396,
48.107831,
48.086530,
47.723207,
47.786605,
47.724380,
47.694799,
47.723100,
47.687201,
47.902911,
48.870138,
48.857498,
49.290066,
49.411328,
49.352495,
49.547090,
50.052387,
50.260372,
50.316842,
50.378973,
50.462814,
50.485327,
50.535831,
51.192462,
50.772262,
49.580914,
48.632334,
48.004327,
73.048444,
72.932591,
72.772978,
72.619837,
72.206096,
64.871432,
65.294096,
65.223007,
64.731117,
64.633722,
64.648150,
64.986949,
65.001126,
65.117352,
65.508065,
64.720818,
64.726002,
65.022688,
65.195425,
65.299697,
65.245708,
65.217062,
18.010248,
18.497562,
23.641697,
18.645870,
19.724138,
19.754904,
20.801046,
21.357956,
21.918660,
21.921420,
23.123901,
18.228063,
21.911577,
25.090958,
23.993698,
24.097917,
26.544248,
26.593387,
26.714531,
26.818162,
27.019574,
27.556679,
27.551253,
24.214925,
25.713293,
26.101188,
26.187901,
26.218821,
26.238719,
26.180544,
26.119921,
26.223778,
26.753153,
45.949211,
-5.937855,
-5.865146,
-4.140525,
-2.423096,
-2.376819,
-2.323532,
-2.263488,
-2.213863,
-2.129622,
-2.024532,
-5.863175,
-1.997582,
-1.953030,
-1.219500,
-1.195676,
-1.174374,
-1.046198,
-0.771542,
-0.734698,
-0.226138,
-0.179164,
-0.092773,
-0.126650,
-0.113199,
-0.077923,
-0.066386,
1.101515,
1.139355,
1.606636,
1.600567,
1.878872,
1.838354,
1.897365,
1.933624,
1.977972,
2.001607,
2.021901,
1.985419,
2.007968,
2.103470,
2.068241,
1.976435,
2.094580,
2.187620,
2.164167,
2.056753,
2.005473,
1.942904,
1.898317,
1.938658,
1.376259,
1.208476,
1.007678,
0.989817,
0.749835,
0.608759,
0.505484,
-1.250785,
-2.030147,
-2.772963,
-3.563110,
-4.950624,
-4.313816,
1.257883,
2.100953,
2.066843,
2.068418,
1.100342,
0.743567,
-1.280918,
1.229036,
5.625098,
5.720005,
23.786622,
23.826763,
25.328195,
25.516067,
25.477431,
25.661985,
25.730721,
25.744969,
25.114952,
24.068591,
24.328354,
24.382949,
25.060803,
25.306158,
25.279277,
25.287854,
23.919688,
23.926304,
25.282742,
25.508180,
25.207216,
28.388346,
28.667552,
31.901216,
32.505117,
32.546483,
28.819562,
29.695922,
31.243545,
31.607287,
31.666912,
31.798080,
31.854174,
32.031862,
72.772485,
72.405336,
72.361281,
72.227236,
72.038412,
71.970057,
71.863597,
71.754400,
72.772250,
72.695712,
72.743932,
72.595865,
72.586733,
72.445833,
72.451542,
68.845062,
68.668434,
68.751718,
68.713438,
68.759275,
68.679431,
68.636688,
68.353735,
68.076491,
68.865962,
67.920457,
67.940798,
67.611769,
67.549211,
67.528660,
68.744603,
67.483772,
67.173659,
68.547964,
66.216797,
66.224017,
66.157545,
65.883821,
65.849592,
68.518000,
68.474390,
68.523738,
68.563008,
68.568353,
72.433874,
72.393489,
72.625291,
60.620137,
60.422507,
60.330385,
60.290453,
60.224838,
59.696384,
60.437695,
72.613813,
72.648452,
72.607791,
72.103387,
72.417102,
72.525872,
72.355630,
72.109210,
71.949194,
72.153494,
70.036950,
69.730368,
68.786023,
72.231356,
68.462637,
68.157440,
67.503343,
67.342790,
67.114697,
67.139842,
72.278305,
67.096635,
67.048701,
72.241225,
72.312552,
61.254434,
60.053402,
59.723519,
68.569931,
67.458156,
67.123873,
68.484475,
66.359851,
66.042658,
65.848822,
65.784429,
65.703131,
68.174226,
67.908271,
64.661673,
64.274380,
64.142249,
63.152727,
62.718878,
62.655311,
67.579635,
62.062223,
61.905772,
61.328584,
61.302248,
61.228024,
61.233351,
61.314927,
61.448063,
61.408418,
61.301450,
66.111158,
63.620954,
62.394283,
62.366540,
61.224490,
61.444304,
61.428987,
66.027352,
66.023240,
65.714216,
10.525639,
9.293964,
10.865923,
18.119135,
18.344068,
18.085428,
11.932894,
12.295173,
12.263196,
13.786791,
16.103018,
17.147006,
17.535585,
17.536591,
65.877447,
29.315110,
39.651519,
42.304919,
44.199443,
29.967830,
31.222277,
31.264041,
34.318650,
35.018460,
36.588539,
36.591855,
39.148370,
29.348599,
30.881220,
35.741556,
41.566426,
41.786081,
41.871137,
5.318119,
5.993853,
6.061521,
6.667481,
8.829777,
8.366337,
28.541249,
28.467469,
25.765849,
27.141644,
66.513497,
66.565948,
66.624590,
66.609988,
66.569082,
66.263914,
65.800161,
65.533438,
65.371536,
65.166231,
64.721561,
64.687052,
63.914767,
63.493296,
63.413353,
63.394976,
63.268480,
63.287207,
63.245784,
63.094390,
62.453308,
66.784916,
61.496324,
61.329260,
61.094678,
61.205274,
61.206802,
66.781524,
61.261725,
61.245901,
61.255334,
61.243236,
61.245338,
61.214600,
61.227773,
61.215785,
61.168312,
61.171514,
61.153639,
61.152539,
61.074565,
61.034878,
66.514969,
60.625163,
60.632316,
59.906634,
59.409997,
59.310341,
59.063876,
58.985774,
66.698886,
58.758723,
66.780308,
66.131992,
66.125523,
65.530329,
65.310982,
65.258453,
64.989189,
64.876554,
64.582822,
64.384565,
63.929135,
63.347436,
63.434332,
66.096313,
62.793081,
62.628948,
62.344799,
61.828874,
61.176709,
61.263695,
61.157531,
61.224934,
66.096406,
61.184865,
60.527477,
59.940997,
59.291556,
59.330571,
58.713075,
57.257098,
66.064381,
66.007067,
65.936048,
65.848142,
65.757061,
65.618378,
3.988565,
4.016883,
72.923757,
8.598166,
8.532367,
7.985359,
8.030259,
7.669307,
7.705601,
7.915741,
7.893705,
7.621936,
7.579738,
7.551462,
7.523676,
8.624170,
7.205304,
6.267098,
6.179199,
6.086190,
6.128308,
5.890803,
5.554100,
5.523383,
5.484040,
5.281476,
8.589672,
5.061740,
4.507877,
4.006934,
3.966200,
8.653562,
8.703609,
8.594562,
8.008588,
7.871056,
7.838311,
7.754035,
7.703163,
5.339339,
3.964473,
-33.629045,
-33.367369,
-30.095118,
-29.840249,
-28.971165,
-28.036080,
-27.977416,
-27.931702,
-27.677467,
-27.623083,
-27.570272,
-33.257713,
-27.494414,
-27.343196,
-27.262533,
-27.285133,
-27.414808,
-27.451997,
-27.572067,
-23.749227,
-22.706202,
-21.128660,
-32.503988,
-32.350205,
-32.207172,
-32.088989,
-31.700445,
-31.241022,
-33.873213,
-33.096592,
-31.976963,
-31.857889,
-31.709436,
-29.893286,
-29.639015,
-29.583789,
-29.535295,
-27.268298,
-27.268954,
-33.062984,
-23.515341,
-23.645331,
-33.027317,
-32.979405,
-32.944909,
-32.861563,
-32.840536,
-32.807250,
-32.766944,
68.135592,
68.058962,
67.431659,
67.406444,
67.887598,
67.815616,
67.664256,
67.648841,
73.551684,
73.403248,
73.248791,
73.018300,
73.093347,
73.230716,
-9.885585,
-8.710157,
-8.821127,
-9.069076,
46.697197,
46.654624,
46.416812,
46.348902,
46.057930,
46.381908,
45.224008,
40.194227,
40.567419,
40.632527,
-5.348638,
-5.308718,
-5.409335,
-5.557372,
-5.722919,
-6.677294,
-7.352347,
-5.129753,
-7.080675,
-32.881862,
-27.866946,
-32.825201,
-30.083557,
-29.772011,
-29.525973,
-28.925449,
-28.714973,
-27.865621,
-32.508112,
-32.340364,
-29.488529,
-28.774564,
49.816263,
50.199488,
50.327801,
50.524325,
50.605504,
50.779063,
50.996723,
51.503100,
51.765377,
51.729278,
51.929541,
51.964785,
52.145350,
52.232435,
52.455319,
52.664037,
53.083670,
53.174900,
53.191949,
53.219320,
53.140111,
53.190903,
53.428227,
49.120250,
52.625303,
53.207334,
53.230370,
53.190907,
50.129312,
50.600458,
50.778978,
50.878403,
51.757822,
52.051975,
52.495163,
52.523807,
32.160322,
32.205947,
30.015363,
29.862368,
29.751913,
29.851630,
30.217735,
30.330019,
30.675653,
30.693877,
30.632280,
32.231162,
29.933233,
29.807551,
29.523137,
29.735044,
29.866453,
30.067347,
30.258491,
30.313277,
30.411998,
32.178978,
31.583994,
31.289003,
31.130813,
30.691943,
30.626541,
30.550886,
32.246797,
32.183035,
30.535251,
30.268598,
30.620155,
30.286143,
30.350967,
70.842101,
70.796986,
70.343958,
70.242167,
70.165705,
70.139400,
69.732344,
69.617123,
69.665815,
70.666213,
69.573244,
69.746564,
69.776307,
69.745022,
69.599417,
69.353657,
69.270595,
70.659711,
69.217976,
68.947815,
68.907256,
68.631390,
68.186519,
68.037465,
70.608483,
67.449101,
67.258779,
67.056750,
67.020265,
66.698596,
66.584645,
66.604334,
66.407292,
70.568394,
66.329919,
66.086030,
65.953991,
64.161122,
70.512710,
63.572069,
63.293672,
63.157159,
62.429802,
62.055474,
61.805961,
70.484844,
60.883465,
60.401510,
60.329918,
59.306529,
59.170133,
70.420995,
58.131543,
70.343507,
65.802388,
65.799951,
65.592962,
65.556182,
65.290366,
65.276593,
64.940526,
64.918452,
64.561815,
64.549470,
66.093312,
64.452026,
64.069468,
63.936899,
63.536471,
63.328370,
62.875617,
62.511312,
61.707148,
66.080266,
60.806339,
60.339508,
60.049317,
59.216522,
58.402182,
65.974946,
65.966432,
62.599388,
62.608654,
61.581658,
61.843781,
61.959692,
62.024803,
62.307398,
62.944640,
63.308211,
64.005397,
64.452906,
62.677852,
64.866136,
64.816942,
64.739293,
64.755655,
64.837550,
64.897457,
64.924693,
65.038954,
62.606455,
65.040272,
65.165803,
65.173483,
65.190180,
62.336601,
66.167876,
66.246577,
66.280586,
62.081265,
62.078175,
61.909755,
61.936641,
61.936571,
62.718510,
62.740465,
63.975441,
63.996607,
64.009551,
64.767089,
64.641978,
64.628708,
62.712667,
65.041925,
65.158006,
65.142609,
65.099590,
66.026194,
66.043021,
62.667521,
62.120175,
61.826167,
61.883502,
61.872518,
62.328866,
-18.563384,
-18.141946,
-17.400538,
-17.012347,
-16.745772,
-18.703833,
-18.604493,
-16.708358,
-16.197993,
